5238.583
1877.591
24981.545
4085.842
11531.560
24368.904
26367.187
23113.484
24469.133
11711.895
4904.623
12149.970
9533.015
9126.438
5741.861
20423.329
15961.865
21645.840
5026.889
20383.915
17634.784
11710.172
21510.874
1082.736
34506.503
5552.027
5543.981
11171.397
5659.382
15188.698
10726.980
21679.774
5472.443
11477.426
19272.148
2247.924
25619.083
873.500
11268.028
21815.116
13450.721
7389.745
6376.253
15791.183
18860.475
5676.812
9012.308
28017.767
32735.324
12836.534
30188.803
10645.953
9890.516
21992.819
8371.470
16976.533
17084.560
12974.263
27086.088
19433.295
25891.998
8313.991
13659.072
15246.561
30031.074
21739.613
13602.525
32096.692
11828.328
11968.044
29307.837
24016.447
10958.394
5139.852
35039.012
13306.052
9738.037
13009.051
17490.692
16831.330
27867.377
25055.216
12142.959
17306.282
13840.247
16021.950
23604.212
22496.794
3380.942
4946.822
6855.535
15806.811
28269.749
27834.457
6661.357
10334.363
18680.431
3492.703
20253.612
17587.106
