SET 1:
5 1
i = 0
1 0 0 0 0 
0 0 0 0 0 

i = 1
1 0 0 0 0 
0 1 0 0 0 

i = 2
1 0 0 0 0 
0 1 1 0 0 

i = 3
1 0 0 0 0 
0 1 1 1 0 

i = 4
1 0 0 0 0 
0 1 1 1 1 

i = 5
1 0 0 0 0 
1 1 1 1 1 

i = 6
1 0 0 0 0 
1 2 1 1 1 

i = 7
1 0 0 0 0 
1 2 2 1 1 

i = 8
1 0 0 0 0 
1 2 2 2 1 

i = 9
1 0 0 0 0 
1 2 2 2 2 

i = 10
1 0 0 0 0 
2 2 2 2 2 

QUERY 1: 2
5 2
i = 0
1 0 0 0 0 
0 0 0 0 0 
0 0 0 0 0 

i = 1
1 0 0 0 0 
0 1 0 0 0 
0 0 0 0 0 

i = 2
1 0 0 0 0 
0 1 1 0 0 
0 0 0 1 0 

i = 3
1 0 0 0 0 
0 1 1 1 0 
1 0 0 1 1 

i = 4
1 0 0 0 0 
0 1 1 1 1 
2 1 1 1 1 

i = 5
1 0 0 0 0 
1 1 1 1 1 
2 2 2 2 2 

i = 6
1 0 0 0 0 
1 2 1 1 1 
3 3 3 3 3 

i = 7
1 0 0 0 0 
1 2 2 1 1 
4 4 4 5 4 

i = 8
1 0 0 0 0 
1 2 2 2 1 
6 5 5 6 6 

i = 9
1 0 0 0 0 
1 2 2 2 2 
8 7 7 7 7 

i = 10
1 0 0 0 0 
2 2 2 2 2 
9 9 9 9 9 

QUERY 2: 9
SET 2:
6 2
i = 0
1 0 0 0 0 0 
0 0 0 0 0 0 
0 0 0 0 0 0 

i = 1
1 0 0 0 0 0 
0 0 1 0 0 0 
0 0 0 0 0 0 

i = 2
1 0 0 0 0 0 
0 0 1 1 0 0 
0 0 0 0 0 1 

i = 3
1 0 0 0 0 0 
0 0 1 1 1 0 
1 1 0 0 0 1 

i = 4
1 0 0 0 0 0 
0 0 1 1 1 1 
1 2 1 1 0 1 

i = 5
1 0 0 0 0 0 
1 0 1 1 1 1 
1 2 2 2 1 2 

QUERY 1: 1
