27 8
959 4633 6077 6323 6719 8750 10946 13899
4350 5497 7123 8891 9741 11407 14834 16348
7406 10783 13430 16268 19558 21287 22265 25918
8716 12333 13596 19051 20266 23839 23893 26357
9582 13713 15892 21884 24489 26913 29452 30386
11861 14696 17004 24367 25992 29764 30915 34564
15469 17715 20609 26304 29696 31993 32872 38213
18957 21224 24217 29783 31738 33980 34583 40579
19744 23843 24770 32292 35812 36110 36791 42277
20175 26819 27857 35700 38622 40814 43568 44472
20300 28838 30915 37813 41208 44037 46304 49893
23680 29147 32660 37956 42828 46052 48239 52819
26677 31617 32665 38873 43116 48485 49302 54273
30285 34080 34170 41777 45866 50407 51737 54534
30886 36793 39964 44444 47386 52636 54449 55036
33193 38332 41640 45444 48046 54086 56505 57806
36540 39690 42051 46359 48248 56535 58414 58656
38630 42729 45507 49638 53024 58390 60098 60851
39905 43723 48585 49842 54675 61809 63915 66112
41959 47280 49263 51394 57418 64233 66293 68275
42570 49787 52506 52570 61038 65151 66989 70511
45667 50433 52922 56271 63282 67450 69268 72177
48504 53770 53966 58972 65397 70358 71790 73619
49378 57071 60615 62570 68948 73437 75788 78769
53063 59730 61508 63954 71217 75839 76617 80900
54704 60068 62482 65500 74371 77896 80219 82991
55903 60143 63147 67308 77458 80129 83121 83338
1
1041 16268
16 17
46 67 95 122 145 154 188 202 221 251 262 291 296 339 371 411 445
53 100 125 154 187 189 197 231 240 261 266 335 340 350 395 440 445
53 128 131 169 233 278 319 360 398 444 464 493 538 564 590 592 600
63 173 173 178 261 296 333 375 422 488 513 523 563 590 625 625 659
93 197 233 256 304 348 349 401 444 525 547 576 592 618 659 673 700
97 233 235 262 322 384 399 420 487 543 585 600 616 644 673 696 738
101 252 296 310 348 414 428 438 502 546 611 628 665 700 732 743 765
114 296 313 321 378 440 450 463 524 558 630 649 679 743 752 794 817
143 340 375 421 429 449 479 504 555 563 675 677 722 774 809 829 849
151 347 387 456 486 498 544 547 558 583 720 747 761 795 845 875 882
156 372 417 497 529 546 562 573 612 630 742 776 812 858 896 923 962
193 372 428 527 551 573 601 623 623 642 774 817 854 868 918 960 984
215 379 472 559 580 626 644 654 668 672 818 858 862 910 926 970 998
261 397 506 605 614 666 667 700 718 733 823 886 918 938 951 971 1009
306 438 547 627 630 699 728 769 785 791 860 899 923 980 1010 1024 1058
342 474 592 667 679 715 734 803 811 851 881 909 933 1012 1021 1058 1102
1
454 705
25 30
2 8 22 30 46 54 54 64 68 77 77 91 92 100 116 133 139 143 144 150 164 168 175 186 195 205 221 236 252 268
14 25 32 36 56 64 73 85 85 92 101 105 119 119 130 136 145 154 163 177 190 200 203 211 216 223 225 248 263 274
19 42 55 69 80 93 109 109 118 127 129 138 154 154 164 169 181 194 196 209 222 239 244 247 248 254 271 282 284 296
25 59 64 78 96 109 110 110 118 128 135 152 166 182 187 191 195 201 210 215 237 240 252 266 271 284 288 300 307 321
31 61 67 82 106 122 137 142 150 160 165 169 178 196 211 222 239 256 259 269 279 287 290 307 319 334 343 352 358 363
41 69 72 94 106 136 150 163 171 186 196 206 218 218 223 237 249 257 276 285 293 298 298 308 325 343 353 353 371 373
49 69 81 97 110 142 159 173 176 186 198 221 225 241 253 253 268 279 284 289 296 303 303 318 328 346 370 377 394 409
61 72 95 102 125 147 168 183 198 207 218 226 231 248 257 265 277 293 298 315 328 337 349 366 378 392 406 413 414 420
78 85 95 104 133 164 182 187 199 220 221 228 242 251 260 275 287 294 315 331 348 353 365 383 393 394 406 418 421 436
95 101 117 117 135 179 184 193 212 228 233 245 247 255 261 286 303 308 322 334 364 370 380 393 404 415 423 438 454 454
102 118 121 127 139 179 188 205 215 228 243 249 263 265 272 301 316 331 345 356 373 381 388 401 412 428 428 450 457 474
116 120 128 136 153 189 190 214 230 234 255 271 283 299 302 315 326 346 351 358 388 404 409 424 428 429 434 458 465 478
133 149 155 155 171 193 193 216 243 248 256 276 288 299 318 327 328 346 365 374 400 411 426 428 441 455 464 475 485 486
139 155 165 177 190 193 210 224 249 255 260 287 290 312 324 329 329 359 374 381 405 423 430 443 455 462 468 491 494 508
140 166 171 178 194 204 213 238 263 272 272 301 304 329 336 340 343 362 380 397 414 436 437 447 464 475 487 493 501 512
145 177 189 196 197 215 218 239 263 276 285 301 313 334 337 356 363 376 385 413 416 437 445 447 475 477 499 501 503 529
156 186 193 210 217 224 236 250 268 284 293 309 327 341 351 369 381 396 410 420 435 439 449 455 489 490 505 510 510 546
162 190 210 220 229 239 254 261 269 288 293 323 328 350 353 383 400 414 425 434 449 457 472 486 499 506 521 533 538 559
172 204 220 220 234 256 262 265 269 291 300 329 332 357 370 392 405 415 425 444 463 478 491 501 516 529 546 550 559 561
186 214 237 241 243 264 272 272 275 297 304 331 336 359 379 394 416 422 433 453 474 489 499 516 518 531 559 576 579 594
191 229 241 254 255 273 281 295 296 302 316 337 341 375 381 409 416 429 440 455 491 498 515 533 536 537 575 583 587 596
201 242 254 254 262 286 294 302 310 325 337 346 355 377 388 410 418 433 454 465 505 506 532 537 543 547 577 600 615 628
218 259 271 288 288 291 297 315 324 338 352 360 366 382 388 423 433 438 467 471 507 509 536 553 567 572 577 610 625 639
231 264 273 305 314 314 324 329 341 344 365 371 388 404 412 437 452 456 476 478 514 518 547 570 585 591 597 612 630 644
246 268 277 320 330 337 345 346 360 365 369 380 402 420 424 452 465 475 476 479 529 533 557 578 596 603 615 623 632 658
1
622 667
0 0
